../data/fish/SBmicro_pops_dist.txt
 1120  14
 173  MSM1144FAM
 247  MSM1243FAM
 252  MSM1602VIC
 197  MSM1096NED
 199  MSM1095PET
 160  MSM1094FAM
 212  MSM1067FAM
 185  MSM1603VIC
 194  MSM1208NED
 165  MSM1526PET
 159  MSM1168FAM
 285  MSM1357FAM
 234  MSM1592NED
 240  MSM1139PET
0
0
0
0
0
0
100
100
100
100
100
100
100
100
100
100
100
100
100
100
100
100
100
100
100
100
100
100
100
100
100
100
100
100
100
100
100
100
100
100
100
100
100
100
100
100
100
100
100
100
100
100
100
100
100
100
100
100
100
100
100
100
100
100
100
100
100
100
100
100
100
100
100
100
100
100
100
100
100
100
100
100
100
100
100
100
100
100
100
100
100
100
100
0
0
0
0
0
0
0
0
0
0
0
0
0
0
0
0
0
0
0
0
0
0
0
0
0
0
0
0
0
0
0
0
0
0
0
0
0
0
0
0
0
0
0
0
0
0
0
0
0
0
0
100
100
100
100
100
100
100
100
100
100
100
100
100
100
100
100
100
100
100
100
100
100
100
100
100
100
100
100
100
100
100
100
100
100
100
100
100
100
100
100
100
100
100
100
100
100
100
100
100
100
100
100
100
100
285
285
285
285
285
285
285
285
285
285
285
285
285
285
285
285
285
285
285
285
285
285
285
285
285
285
285
285
285
285
285
285
285
285
285
285
285
285
285
285
285
285
285
285
285
285
285
285
285
285
285
285
285
285
285
285
285
285
285
285
285
285
285
285
285
285
285
285
285
285
285
285
285
285
285
285
285
285
285
285
285
285
285
285
285
285
285
285
285
285
285
285
285
285
285
285
285
285
285
285
285
285
285
285
380
380
380
380
380
380
380
380
380
380
380
380
380
380
380
380
380
380
380
380
380
380
380
380
380
380
380
380
380
380
380
380
380
380
380
380
380
380
380
380
380
380
380
380
380
380
380
380
380
380
380
380
380
380
380
380
380
380
380
380
380
380
380
380
380
380
380
380
380
380
380
380
380
380
380
380
380
380
380
380
380
380
380
380
380
380
380
380
380
380
380
380
380
380
380
380
380
380
380
380
380
380
490
490
490
490
490
490
490
490
490
490
490
490
490
490
490
490
490
490
490
490
490
490
490
490
490
490
490
490
490
490
490
490
490
490
490
490
490
490
490
490
490
490
490
490
490
490
490
490
490
490
490
490
490
490
490
490
490
490
490
490
490
490
490
490
490
490
490
490
490
490
490
490
490
490
490
490
490
490
490
490
490
490
490
490
490
490
490
490
490
490
490
490
490
490
490
490
490
490
490
490
490
490
540
540
540
540
540
540
540
540
540
540
540
540
540
540
540
540
540
540
540
540
540
540
540
540
540
540
540
540
540
540
540
540
540
540
540
540
540
540
540
540
540
540
540
540
540
540
540
540
540
540
540
540
540
540
540
540
540
540
540
540
540
540
540
540
540
540
540
540
540
540
540
540
540
540
540
540
540
540
540
540
540
540
540
540
540
540
540
540
540
540
540
540
540
540
540
540
540
540
540
540
540
540
540
540
540
540
540
540
540
540
540
540
540
540
540
540
540
540
540
540
540
540
540
540
540
540
540
540
540
540
540
540
540
540
540
540
540
540
540
540
540
540
540
540
540
540
540
540
540
540
540
540
540
540
540
540
540
540
540
540
540
540
540
540
540
580
580
580
580
580
580
580
580
580
580
580
580
580
580
580
580
580
580
580
580
580
580
580
580
580
580
580
580
580
580
580
580
580
580
580
580
580
580
580
580
580
580
580
580
580
580
580
580
580
580
580
580
580
580
580
580
580
580
580
580
580
580
580
580
580
580
580
580
580
580
580
580
580
580
580
580
580
580
580
580
610
610
610
610
610
610
610
610
610
610
610
610
610
610
610
610
610
610
610
610
610
610
610
610
610
610
610
610
610
610
610
610
610
610
610
610
610
610
610
610
610
610
610
610
610
610
610
610
610
610
610
610
610
610
610
610
610
610
610
610
610
610
610
610
610
610
610
610
610
610
610
610
610
610
610
610
610
610
610
610
610
610
610
610
610
610
610
610
610
610
610
610
610
610
610
610
610
610
610
610
610
610
610
610
610
610
610
610
610
610
610
610
610
610
610
610
610
610
610
610
720
720
720
720
720
720
720
720
720
720
720
720
720
720
720
720
720
720
720
720
720
720
720
720
720
720
720
720
720
720
720
720
720
720
720
720
720
720
720
720
720
720
720
720
720
720
720
720
720
720
750
750
750
750
750
750
750
750
750
750
750
750
750
750
750
750
750
750
750
750
750
750
750
750
750
750
750
750
750
750
750
750
750
750
750
750
750
750
750
750
750
750
750
750
750
750
750
750
720
720
720
720
720
720
720
720
720
720
720
720
720
720
720
720
720
720
720
720
720
720
720
720
720
720
720
720
720
720
720
720
720
720
720
720
720
720
720
720
720
720
720
720
1220
1220
1220
1220
1220
1220
1220
1220
1220
1220
1220
1220
1220
1220
1220
1220
1220
1220
1220
1220
1220
1220
1220
1220
1220
1220
1220
1220
1220
1220
1220
1220
1220
1220
1220
1220
1220
1220
1220
1220
1220
1220
1220
1220
1220
1220
1220
1220
1220
1220
1220
1220
1220
1220
1220
1220
1220
1220
1220
1220
1220
1220
1220
1220
1220
1220
1220
1220
1220
1220
1220
1220
1220
1220
1220
1220
1220
1220
1220
1220
1220
1220
1220
1220
1220
1220
1220
1220
1220
1220
1220
1220
1220
1220
1220
1220
1220
1220
1220
1220
1220
1220
1220
1220
1220
1220
1220
7-18-2024
21:59:50
