VSD_1 NA NA NA NA 234 234 262 286 186 186 NA NA 294 294 195 201 221 221 NA NA 178 178 191 199 215 215 260 260 207 207 242 242 288 288 NA NA
VSD_2 NA NA NA NA 234 234 262 286 186 186 222 250 294 294 195 201 219 219 268 270 176 176 191 199 215 215 260 260 207 207 242 242 272 272 297 299
VSD_3 224 230 266 266 234 240 262 286 186 186 250 250 294 294 199 201 221 221 NA NA 176 176 NA NA 215 225 260 260 207 207 242 242 288 288 286 299
VSD_4 224 230 266 266 234 240 262 286 186 186 248 248 294 294 205 205 213 213 NA NA 176 176 191 199 219 225 260 260 NA NA 242 242 NA NA 266 297
VSD_5 230 230 266 266 234 240 262 286 186 186 NA NA 294 294 195 201 221 221 NA NA 176 178 242 242 NA NA NA NA 207 209 242 242 288 288 282 299
VSD_6 224 236 266 305 234 240 286 290 186 186 NA NA 294 294 195 205 NA NA NA NA 178 182 NA NA 221 225 NA NA NA NA 242 242 280 286 282 282
VSD_7 230 230 266 280 234 240 262 286 186 186 NA NA 294 294 NA NA 219 221 NA NA 178 178 191 199 215 215 NA NA NA NA NA NA NA NA NA NA
VSD_8 230 236 266 266 234 240 286 286 186 186 NA NA NA NA 195 205 217 219 270 286 178 182 191 199 221 221 260 260 NA NA 242 242 NA NA NA NA
VSD_10 236 236 266 305 234 234 286 286 186 186 NA NA 294 294 201 205 217 217 270 286 178 178 NA NA 221 225 260 260 NA NA 242 242 NA NA 260 260
VSD_12 224 236 266 305 240 240 286 290 186 186 222 248 294 294 195 195 213 213 270 286 182 182 212 212 221 225 260 260 207 209 242 242 280 280 282 282
VSD_13 230 230 266 280 234 234 278 290 186 186 246 248 294 294 195 201 213 213 NA NA 176 176 191 199 219 219 260 260 207 209 242 242 280 280 286 297
VSD_14 224 236 266 305 NA NA 286 290 186 186 222 248 294 294 195 205 213 213 NA NA 178 182 212 212 221 223 260 260 207 207 242 242 280 280 286 297
VSD_15 230 236 266 266 234 240 286 286 186 186 222 222 NA NA 199 205 219 219 278 278 176 176 191 199 215 225 260 260 207 207 242 242 301 301 266 286
VSD_16 236 236 NA NA NA NA 262 294 186 186 NA NA 294 294 195 205 217 217 270 278 176 182 191 212 223 225 260 260 207 207 242 242 286 286 266 266
VSD_17 224 236 266 266 NA NA 262 290 186 186 NA NA 294 294 195 205 213 217 270 270 176 178 191 212 219 225 260 260 207 207 242 242 280 286 266 282
VSD_18 224 236 266 266 234 234 286 290 186 186 222 250 294 294 205 205 217 221 270 286 178 178 191 199 221 223 260 260 209 209 242 242 286 288 282 286
VSD_19 NA NA 266 305 NA NA 286 286 186 186 222 248 294 294 195 201 213 217 270 270 178 182 212 220 225 225 260 260 207 209 242 242 280 286 282 286
VSD_20 224 236 266 266 234 234 262 286 186 186 222 250 294 294 201 201 217 219 270 278 176 176 199 199 215 215 260 260 207 207 242 242 286 301 286 286
VSD_21 230 236 266 280 234 234 278 286 186 186 NA NA 294 294 201 201 217 217 270 282 172 178 199 220 215 215 260 260 207 207 242 242 286 286 286 297
